fx: 1638.4500563080637
fy: 1668.901677064405
cx: 959.8064684020948
cy: 580.5199967554627
k1: 0.03547241091770438
k2: 2.945846590118171
k3: -20.898605605402217
p1: 0.0038989985617713576
p2: 0.001324439360373979
