fx: 2148.003289142144
fy: 2549.1153881710884
cx: 938.501425787957
cy: 460.10663264363205
k1: 0.4380770357618564
k2: -3.293474073570663
k3: 8.444869838556471
p1: -0.01940818332500122
p2: -0.0005015803736886407
