fx: 1627.37653192985
fy: 1615.3381613259137
cx: 607.4957027255144
cy: 330.8851583081003
k1: 0.6794990829301742
k2: -7.828529431769049
k3: 30.225828094295167
p1: 0.0015104588203549826
p2: 0.010096612182402076
